  0.096715   3.484300   4.159319  -1.845807  -0.368244   3.301030   0.096715   0.155129   3.484300   4.107893  -1.589351  -0.240016   3.301029   0.155129
  0.115623   3.491362   4.168749  -1.750106  -0.334517   3.301030   0.115623   0.184788   3.491362   4.117668  -1.502195  -0.210562   3.300990   0.184788
  0.137670   3.498311   4.175957  -1.653043  -0.299884   3.301028   0.137670   0.215414   3.498311   4.126301  -1.415619  -0.181172   3.300942   0.215414
  0.163633   3.505150   4.180989  -1.555633  -0.264858   3.301018   0.163633   0.246790   3.505150   4.135169  -1.331649  -0.152865   3.300796   0.246790
  0.193216   3.511883   4.185918  -1.461530  -0.231273   3.300956   0.193216   0.283410   3.511883   4.144330  -1.253184  -0.127100   3.300170   0.283410
  0.226512   3.518514   4.191944  -1.371817  -0.199677   3.300643   0.226512   0.324387   3.518514   4.146943  -1.170616  -0.099077   3.297868   0.324387
  0.263752   3.525045   4.194297  -1.281762  -0.167712   3.299317   0.263752   0.369938   3.525045   4.149739  -1.090582  -0.072122   3.289282   0.369938
  0.303475   3.531479   4.200938  -1.201686  -0.140542   3.293703   0.303475   0.418580   3.531479   4.156227  -1.017260  -0.048329   3.262425   0.418580
  0.344228   3.537819   4.208841  -1.129493  -0.117126   3.273286   0.344228   0.471590   3.537819   4.156468  -0.940378  -0.022568   3.194985   0.471590
  0.385811   3.544068   4.217473  -1.063600  -0.096677   3.207351   0.385811   0.526237   3.544068   4.162502  -0.874225  -0.001990   3.019701   0.518841
  0.428337   3.550228   4.226453  -1.002522  -0.078459   3.015348   0.428337   0.583998   3.550228   4.167704  -0.809122   0.018241   2.930377   0.550377
  0.469731   3.556303   4.236015  -0.947709  -0.063201   2.522067   0.469652   0.639343   3.556303   4.171596  -0.749314   0.035997   2.960729   0.566451
  0.508934   3.562293   4.244821  -0.897725  -0.050189   1.792071   0.499593   0.687928   3.562293   4.177076  -0.699060   0.049143   2.999774   0.572023
  0.548682   3.568202   4.252463  -0.849060  -0.037675   1.386571   0.517782   0.738749   3.568202   4.181141  -0.648502   0.062604   3.057878   0.572032
  0.591392   3.574031   4.259948  -0.800664  -0.025136   1.310114   0.529403   0.789376   3.574031   4.184151  -0.599432   0.075480   3.107547   0.566003
  0.633552   3.579784   4.267337  -0.755123  -0.013870   1.405408   0.534544   0.840430   3.579784   4.185411  -0.550433   0.088475   3.154502   0.555216
  0.672061   3.585461   4.273859  -0.713308  -0.004317   1.538448   0.535011   0.889755   3.585461   4.185029  -0.502597   0.101039   3.194551   0.540495
  0.708684   3.591065   4.279483  -0.673469   0.004395   1.700983   0.532158   0.935278   3.591065   4.184564  -0.458038   0.112111   3.223849   0.522212
  0.744707   3.596597   4.284197  -0.634506   0.012812   1.869610   0.526636   0.975677   3.596597   4.185547  -0.418523   0.120803   3.236871   0.501727
  0.779524   3.602060   4.288113  -0.596702   0.020788   2.034604   0.518750   1.012422   3.602060   4.183834  -0.378907   0.129685   3.252583   0.483024
  0.811978   3.607455   4.289182  -0.558504   0.029097   2.275254   0.510649   1.048155   3.607455   4.182990  -0.341417   0.137640   3.261842   0.461592
  0.843493   3.612784   4.291744  -0.523199   0.036092   2.402070   0.499960   1.082273   3.612784   4.181914  -0.305104   0.145139   3.268971   0.438636
  0.873905   3.618048   4.293740  -0.488762   0.042782   2.507803   0.487877   1.109482   3.618048   4.179276  -0.270635   0.151845   3.273629   0.419021
  0.902866   3.623249   4.295251  -0.455298   0.049111   2.602394   0.475048   1.138074   3.623249   4.178186  -0.237679   0.157921   3.277750   0.398656
  0.929867   3.628389   4.296401  -0.423104   0.054929   2.674891   0.462042   1.163531   3.628389   4.175010  -0.204393   0.164284   3.282091   0.381314
  0.955249   3.633468   4.297217  -0.391899   0.060373   2.744227   0.449074   1.187813   3.633468   4.171776  -0.171824   0.170410   3.285770   0.364160
  0.979057   3.638489   4.297760  -0.361654   0.065453   2.802723   0.436214   1.209216   3.638489   4.169596  -0.141805   0.175378   3.287416   0.346324
  1.001301   3.643453   4.297975  -0.332259   0.070224   2.848062   0.423843   1.228492   3.643453   4.167755  -0.113241   0.179733   3.288475   0.328826
  1.022157   3.648360   4.298044  -0.303753   0.074662   2.893429   0.411751   1.246879   3.648360   4.165400  -0.084803   0.184137   3.289769   0.312811
  1.042719   3.653213   4.297888  -0.275559   0.079054   2.930494   0.399220   1.264628   3.653213   4.162809  -0.056661   0.188503   3.290876   0.297347
  1.063200   3.658011   4.297103  -0.247189   0.083642   2.965758   0.385990   1.282146   3.658011   4.159989  -0.028666   0.192903   3.291824   0.281334
  1.083538   3.662758   4.295979  -0.218861   0.088313   2.999868   0.372444   1.299064   3.662758   4.156730  -0.000726   0.197380   3.292527   0.265593
  1.103469   3.667453   4.294706  -0.190817   0.092945   3.032139   0.359011   1.314644   3.667453   4.153233   0.026722   0.201714   3.293175   0.251209
  1.122351   3.672098   4.292730  -0.162971   0.097578   3.057513   0.345579   1.329365   3.672098   4.149683   0.053686   0.205906   3.293684   0.236991
  1.141034   3.676694   4.290775  -0.135419   0.102162   3.082618   0.332290   1.343363   3.676694   4.146063   0.080243   0.209993   3.294096   0.222931
  1.159591   3.681241   4.288138  -0.107584   0.106984   3.102884   0.318539   1.356523   3.681241   4.142284   0.106447   0.214000   3.294438   0.209134
  1.178023   3.685742   4.284873  -0.079504   0.112023   3.118675   0.304371   1.369135   3.685742   4.138246   0.132501   0.218026   3.294725   0.196086
  1.196265   3.690196   4.281643  -0.051713   0.117010   3.134304   0.290349   1.381325   3.690196   4.134123   0.158299   0.222017   3.294975   0.183456
  1.213476   3.694605   4.277609  -0.023883   0.122107   3.149061   0.276423   1.392337   3.694605   4.129904   0.183597   0.225847   3.295120   0.171449
  1.230296   3.698970   4.273399   0.003749   0.127194   3.163487   0.262625   1.403120   3.698970   4.125514   0.208801   0.229719   3.295255   0.159663
  1.246948   3.703291   4.269232   0.031107   0.132230   3.177768   0.248965   1.413517   3.703291   4.120671   0.234131   0.233742   3.295370   0.148226
  1.263283   3.707570   4.263563   0.059498   0.137868   3.189109   0.234887   1.423509   3.707570   4.115637   0.259344   0.237790   3.295459   0.137056
  1.279424   3.711807   4.257602   0.087906   0.143597   3.199710   0.220823   1.432892   3.711807   4.110248   0.284530   0.241909   3.295506   0.126255
  1.295409   3.716003   4.251699   0.116039   0.149272   3.210208   0.206895   1.442058   3.716003   4.104727   0.309611   0.246058   3.295550   0.115720
  1.310029   3.720159   4.244929   0.144284   0.155082   3.217928   0.193910   1.450728   3.720159   4.098662   0.334896   0.250388   3.295583   0.105805
  1.324019   3.724276   4.237850   0.172416   0.160915   3.224493   0.181375   1.459315   3.724276   4.092655   0.359942   0.254678   3.295615   0.095985
  1.337878   3.728354   4.230837   0.200283   0.166693   3.230996   0.168959   1.467161   3.728354   4.086407   0.384822   0.258962   3.295648   0.087406
  1.351703   3.732394   4.223448   0.228344   0.172644   3.237303   0.156488   1.474877   3.732394   4.080191   0.409478   0.263210   3.295680   0.079007
  1.366113   3.736397   4.212825   0.259530   0.180231   3.242535   0.142868   1.482509   3.736397   4.073473   0.434451   0.267692   3.295689   0.070688
  1.380391   3.740363   4.202299   0.290431   0.187749   3.247719   0.129372   1.490044   3.740363   4.065690   0.460295   0.272681   3.295652   0.062450
  1.394540   3.744293   4.191869   0.321052   0.195199   3.252857   0.115999   1.497511   3.744293   4.057978   0.485905   0.277625   3.295616   0.054286
  1.407556   3.748188   4.179915   0.352613   0.203189   3.256798   0.103679   1.504012   3.748188   4.051449   0.509893   0.281830   3.295603   0.048015
  1.419821   3.752048   4.167047   0.384662   0.211493   3.259977   0.092060   1.510003   3.752048   4.045537   0.532970   0.285647   3.295601   0.042713
  1.431977   3.755875   4.154292   0.416427   0.219723   3.263127   0.080543   1.515941   3.755875   4.039678   0.555843   0.289431   3.295600   0.037457
  1.444027   3.759668   4.141648   0.447916   0.227881   3.266251   0.069126   1.522045   3.759668   4.033190   0.579251   0.293548   3.295589   0.032343
  1.455776   3.763428   4.126830   0.481297   0.237051   3.268856   0.058670   1.528576   3.763428   4.025264   0.604072   0.298439   3.295556   0.027485
  1.467227   3.767156   4.109873   0.516537   0.247216   3.270953   0.049158   1.535052   3.767156   4.017405   0.628680   0.303287   3.295524   0.022669
  1.478582   3.770852   4.093060   0.551478   0.257294   3.273032   0.039727   1.541411   3.770852   4.009683   0.652986   0.308048   3.295494   0.018280
  1.489840   3.774517   4.076389   0.586124   0.267287   3.275093   0.030375   1.547510   3.774517   4.002260   0.676779   0.312614   3.295474   0.015216
  1.500865   3.778151   4.060103   0.620186   0.277049   3.277072   0.021611   1.553559   3.778151   3.994898   0.700372   0.317142   3.295454   0.012178
  1.510405   3.781755   4.046404   0.651018   0.285257   3.278381   0.018034   1.559557   3.781755   3.987598   0.723770   0.321633   3.295434   0.009165
  1.519866   3.785330   4.032818   0.681596   0.293397   3.279679   0.014487   1.563885   3.785330   3.986463   0.740401   0.322800   3.295446   0.008100
  1.529250   3.788875   4.019344   0.711924   0.301471   3.280967   0.010968   1.568048   3.788875   3.985825   0.756372   0.323694   3.295462   0.007197
  1.538558   3.792392   4.005978   0.742007   0.309479   3.282244   0.007478   1.572178   3.792392   3.985192   0.772213   0.324582   3.295476   0.006301
  1.547791   3.795880   3.992719   0.771849   0.317423   3.283511   0.004016   1.576274   3.795880   3.984564   0.787928   0.325463   3.295491   0.005412
  1.555466   3.799341   3.985995   0.794552   0.321854   3.284358   0.002839   1.580472   3.799341   3.983623   0.803870   0.326513   3.295507   0.004528
  1.562612   3.802774   3.981350   0.814900   0.325161   3.285069   0.002383   1.586111   3.802774   3.979213   0.823554   0.329488   3.295530   0.003615
  1.569702   3.806180   3.976741   0.835089   0.328443   3.285775   0.001932   1.591706   3.806180   3.974836   0.843084   0.332441   3.295553   0.002710
  1.576737   3.809560   3.972169   0.855120   0.331699   3.286475   0.001483   1.597257   3.809560   3.970494   0.862461   0.335370   3.295577   0.001812
  1.583717   3.812913   3.967631   0.874997   0.334931   3.287169   0.001038   1.602498   3.812913   3.967718   0.880075   0.337469   3.295615   0.001201
  1.590644   3.816241   3.963129   0.894721   0.338137   3.287859   0.000596   1.607435   3.816241   3.966472   0.895964   0.338758   3.295668   0.000870
  1.597518   3.819544   3.958661   0.914296   0.341319   3.288543   0.000158   1.612335   3.819544   3.965236   0.911732   0.340037   3.295721   0.000542
  1.603072   3.822822   3.961172   0.926401   0.340816   3.289000   0.000000   1.617197   3.822822   3.964009   0.927382   0.341306   3.295774   0.000217
  1.607865   3.826075   3.967606   0.934261   0.338240   3.289327   0.000000   1.622982   3.826075   3.961738   0.944217   0.343218   3.295840   0.000025
  1.612622   3.829304   3.973992   0.942062   0.335682   3.289653   0.000000   1.630042   3.829304   3.958034   0.962717   0.346010   3.295926   0.000015
  1.617344   3.832509   3.980331   0.949806   0.333144   3.289975   0.000000   1.637049   3.832509   3.954357   0.981082   0.348782   3.296011   0.000004
  1.622032   3.835691   3.986623   0.957493   0.330624   3.290296   0.000000   1.642113   3.835691   3.957198   0.992310   0.348033   3.296089   0.000000
  1.626685   3.838849   3.992870   0.965124   0.328123   3.290614   0.000000   1.645757   3.838849   3.964764   0.998337   0.344729   3.296161   0.000000
  1.631305   3.841985   3.999072   0.972700   0.325639   3.290929   0.000000   1.649374   3.841985   3.972276   1.004320   0.341449   3.296232   0.000000
