  0.102050   3.484300   3.839031  -1.502370  -0.196526   3.301030   0.102050   0.155129   3.484300   4.107893  -1.589351  -0.240016   3.301029   0.155129
  0.121195   3.491362   3.874181  -1.434208  -0.176569   3.301030   0.121195   0.184788   3.491362   4.117668  -1.502195  -0.210562   3.300990   0.184788
  0.144152   3.498311   3.900916  -1.358160  -0.152442   3.301030   0.144152   0.215414   3.498311   4.126301  -1.415619  -0.181172   3.300942   0.215414
  0.171086   3.505150   3.919974  -1.275555  -0.124818   3.301030   0.171086   0.246790   3.505150   4.135169  -1.331649  -0.152865   3.300796   0.246790
  0.200994   3.511883   3.943193  -1.201228  -0.101122   3.301030   0.200994   0.283410   3.511883   4.144330  -1.253184  -0.127100   3.300170   0.283410
  0.234198   3.518514   3.954133  -1.119484  -0.073511   3.301030   0.234198   0.324387   3.518514   4.146943  -1.170616  -0.099077   3.297868   0.324387
  0.269181   3.525045   3.966174  -1.044902  -0.049282   3.301027   0.269181   0.369938   3.525045   4.149739  -1.090582  -0.072122   3.289282   0.369938
  0.304344   3.531479   3.980634  -0.980164  -0.029781   3.301017   0.304344   0.418580   3.531479   4.156227  -1.017260  -0.048329   3.262425   0.418580
  0.339010   3.537819   3.994602  -0.921805  -0.013282   3.300979   0.339010   0.471590   3.537819   4.156468  -0.940378  -0.022568   3.194985   0.471590
  0.374196   3.544068   4.008203  -0.867616   0.001315   3.300835   0.374196   0.526237   3.544068   4.162502  -0.874225  -0.001990   3.019701   0.518841
  0.410291   3.550228   4.021270  -0.816048   0.014778   3.300384   0.410291   0.583998   3.550228   4.167704  -0.809122   0.018241   2.930377   0.550377
  0.445268   3.556303   4.033539  -0.768446   0.026431   3.299178   0.445268   0.639343   3.556303   4.171596  -0.749314   0.035997   2.960729   0.566451
  0.477237   3.562293   4.044292  -0.725087   0.036129   3.296604   0.477237   0.687928   3.562293   4.177076  -0.699060   0.049143   2.999774   0.572023
  0.510183   3.568202   4.053585  -0.681790   0.045960   3.290946   0.510183   0.738749   3.568202   4.181141  -0.648502   0.062604   3.057878   0.572032
  0.547917   3.574031   4.062932  -0.636816   0.056788   3.277587   0.547917   0.789376   3.574031   4.184151  -0.599432   0.075480   3.107547   0.566003
  0.587216   3.579784   4.072532  -0.593312   0.067035   3.247801   0.587216   0.840430   3.579784   4.185411  -0.550433   0.088475   3.154502   0.555216
  0.624322   3.585461   4.081720  -0.553160   0.075757   3.191731   0.623771   0.889755   3.585461   4.185029  -0.502597   0.101039   3.194551   0.540495
  0.660435   3.591065   4.090318  -0.514888   0.083686   3.115299   0.650916   0.935278   3.591065   4.184564  -0.458038   0.112111   3.223849   0.522212
  0.696529   3.596597   4.098351  -0.477704   0.091213   3.054079   0.669459   0.975677   3.596597   4.185547  -0.418523   0.120803   3.236871   0.501727
  0.733064   3.602060   4.105761  -0.441070   0.098604   3.013497   0.683653   1.012422   3.602060   4.183834  -0.378907   0.129685   3.252583   0.483024
  0.770539   3.607455   4.112739  -0.404816   0.105941   2.990231   0.694263   1.048155   3.607455   4.182990  -0.341417   0.137640   3.261842   0.461592
  0.808022   3.612784   4.117049  -0.367177   0.114103   3.009876   0.702244   1.082273   3.612784   4.181914  -0.305104   0.145139   3.268971   0.438636
  0.847236   3.618048   4.123325  -0.331810   0.121257   3.014284   0.706289   1.109482   3.618048   4.179276  -0.270635   0.151845   3.273629   0.419021
  0.886168   3.623249   4.129171  -0.297335   0.128093   3.021755   0.707331   1.138074   3.623249   4.178186  -0.237679   0.157921   3.277750   0.398656
  0.923023   3.628389   4.134120  -0.264019   0.134471   3.032734   0.706356   1.163531   3.628389   4.175010  -0.204393   0.164284   3.282091   0.381314
  0.958870   3.633468   4.138392  -0.231419   0.140613   3.051800   0.703503   1.187813   3.633468   4.171776  -0.171824   0.170410   3.285770   0.364160
  0.994680   3.638489   4.141948  -0.198980   0.146790   3.069383   0.698607   1.209216   3.638489   4.169596  -0.141805   0.175378   3.287416   0.346324
  1.030023   3.643453   4.144954  -0.166992   0.152858   3.092761   0.692082   1.228492   3.643453   4.167755  -0.113241   0.179733   3.288475   0.328826
  1.064846   3.648360   4.147334  -0.135361   0.158858   3.111877   0.683923   1.246879   3.648360   4.165400  -0.084803   0.184137   3.289769   0.312811
  1.099452   3.653213   4.149342  -0.103976   0.164846   3.133438   0.674770   1.264628   3.653213   4.162809  -0.056661   0.188503   3.290876   0.297347
  1.135951   3.658011   4.150483  -0.071819   0.171327   3.155677   0.662523   1.282146   3.658011   4.159989  -0.028666   0.192903   3.291824   0.281334
  1.173992   3.662758   4.151102  -0.039159   0.178164   3.173523   0.647892   1.299064   3.662758   4.156730  -0.000726   0.197380   3.292527   0.265593
  1.211620   3.667453   4.151204  -0.006745   0.184980   3.189118   0.631828   1.314644   3.667453   4.153233   0.026722   0.201714   3.293175   0.251209
  1.246438   3.672098   4.150904   0.024479   0.191303   3.205675   0.615851   1.329365   3.672098   4.149683   0.053686   0.205906   3.293684   0.236991
  1.281630   3.676694   4.149789   0.056017   0.197880   3.220769   0.597801   1.343363   3.676694   4.146063   0.080243   0.209993   3.294096   0.222931
  1.316620   3.681241   4.148164   0.087538   0.204545   3.233962   0.578739   1.356523   3.681241   4.142284   0.106447   0.214000   3.294438   0.209134
  1.351330   3.685742   4.146055   0.119011   0.211281   3.245204   0.558756   1.369135   3.685742   4.138246   0.132501   0.218026   3.294725   0.196086
  1.385518   3.690196   4.143163   0.150520   0.218127   3.254819   0.537045   1.381325   3.690196   4.134123   0.158299   0.222017   3.294975   0.183456
  1.419162   3.694605   4.139742   0.181993   0.225045   3.263016   0.514734   1.392337   3.694605   4.129904   0.183597   0.225847   3.295120   0.171449
  1.452373   3.698970   4.135853   0.213439   0.232038   3.270039   0.491858   1.403120   3.698970   4.125514   0.208801   0.229719   3.295255   0.159663
  1.485914   3.703291   4.130842   0.245613   0.239482   3.275471   0.466845   1.413517   3.703291   4.120671   0.234131   0.233742   3.295370   0.148226
  1.518771   3.707570   4.125134   0.277930   0.247083   3.280146   0.441180   1.423509   3.707570   4.115637   0.259344   0.237790   3.295459   0.137056
  1.551035   3.711807   4.118889   0.310302   0.254795   3.284228   0.415058   1.432892   3.711807   4.110248   0.284530   0.241909   3.295506   0.126255
  1.582587   3.716003   4.111299   0.343378   0.262941   3.287252   0.387678   1.442058   3.716003   4.104727   0.309611   0.246058   3.295550   0.115720
  1.613312   3.720159   4.103069   0.376592   0.271236   3.289811   0.360340   1.450728   3.720159   4.098662   0.334896   0.250388   3.295583   0.105805
  1.643088   3.724276   4.094028   0.410058   0.279736   3.291803   0.332986   1.459315   3.724276   4.092655   0.359942   0.254678   3.295615   0.095985
  1.670993   3.728354   4.083980   0.443708   0.288405   3.293332   0.306366   1.467161   3.728354   4.086407   0.384822   0.258962   3.295648   0.087406
  1.698155   3.732394   4.073695   0.477196   0.297069   3.294713   0.280139   1.474877   3.732394   4.080191   0.409478   0.263210   3.295680   0.079007
  1.725886   3.736397   4.060358   0.513540   0.307236   3.295702   0.251431   1.482509   3.736397   4.073473   0.434451   0.267692   3.295689   0.070688
  1.755544   3.740363   4.044233   0.552958   0.319012   3.296709   0.220580   1.490044   3.740363   4.065690   0.460295   0.272681   3.295652   0.062450
  1.799740   3.744293   4.009537   0.614189   0.341768   3.298084   0.174597   1.497511   3.744293   4.057978   0.485905   0.277625   3.295616   0.054286
  1.822465   3.748188   3.990584   0.654132   0.353949   3.298473   0.148150   1.504012   3.748188   4.051449   0.509893   0.281830   3.295603   0.048015
  1.844863   3.752048   3.971892   0.693596   0.365960   3.298852   0.122052   1.510003   3.752048   4.045537   0.532970   0.285647   3.295601   0.042713
  1.865238   3.755875   3.950555   0.734991   0.379005   3.299120   0.099225   1.515941   3.755875   4.039678   0.555843   0.289431   3.295600   0.037457
  1.884891   3.759668   3.928567   0.776704   0.392275   3.299353   0.077505   1.522045   3.759668   4.033190   0.579251   0.293548   3.295589   0.032343
  1.903825   3.763428   3.906596   0.818078   0.405442   3.299565   0.057877   1.528576   3.763428   4.025264   0.604072   0.298439   3.295556   0.027485
  1.920720   3.767156   3.884222   0.859175   0.418535   3.299712   0.044941   1.535052   3.767156   4.017405   0.628680   0.303287   3.295524   0.022669
  1.937472   3.770852   3.862039   0.899923   0.431516   3.299859   0.032114   1.541411   3.770852   4.009683   0.652986   0.308048   3.295494   0.018280
  1.953621   3.774517   3.840942   0.939303   0.443876   3.299990   0.021259   1.547510   3.774517   4.002260   0.676779   0.312614   3.295474   0.015216
  1.968236   3.778151   3.822759   0.975236   0.454574   3.300079   0.016165   1.553559   3.778151   3.994898   0.700372   0.317142   3.295454   0.012178
  1.982729   3.781755   3.804728   1.010871   0.465184   3.300167   0.011114   1.559557   3.781755   3.987598   0.723770   0.321633   3.295434   0.009165
  1.997103   3.785330   3.786845   1.046213   0.475706   3.300255   0.006104   1.563885   3.785330   3.986463   0.740401   0.322800   3.295446   0.008100
  2.009058   3.788875   3.774481   1.075338   0.483177   3.300311   0.004221   1.568048   3.788875   3.985825   0.756372   0.323694   3.295462   0.007197
  2.020334   3.792392   3.763577   1.102727   0.489839   3.300359   0.003134   1.572178   3.792392   3.985192   0.772213   0.324582   3.295476   0.006301
  2.031520   3.795880   3.752760   1.129896   0.496447   3.300407   0.002055   1.576274   3.795880   3.984564   0.787928   0.325463   3.295491   0.005412
  2.042616   3.799341   3.742030   1.156848   0.503002   3.300455   0.000985   1.580472   3.799341   3.983623   0.803870   0.326513   3.295507   0.004528
  2.052222   3.802774   3.734430   1.180230   0.507826   3.300493   0.000260   1.586111   3.802774   3.979213   0.823554   0.329488   3.295530   0.003615
  2.058919   3.806180   3.733045   1.196641   0.509219   3.300514   0.000224   1.591706   3.806180   3.974836   0.843084   0.332441   3.295553   0.002710
  2.065564   3.809560   3.731672   1.212924   0.510601   3.300535   0.000188   1.597257   3.809560   3.970494   0.862461   0.335370   3.295577   0.001812
  2.072157   3.812913   3.730309   1.229082   0.511973   3.300556   0.000152   1.602498   3.812913   3.967718   0.880075   0.337469   3.295615   0.001201
  2.078700   3.816241   3.728956   1.245115   0.513334   3.300576   0.000116   1.607435   3.816241   3.966472   0.895964   0.338758   3.295668   0.000870
  2.085193   3.819544   3.727614   1.261027   0.514685   3.300596   0.000081   1.612335   3.819544   3.965236   0.911732   0.340037   3.295721   0.000542
  2.091637   3.822822   3.726282   1.276819   0.516025   3.300617   0.000046   1.617197   3.822822   3.964009   0.927382   0.341306   3.295774   0.000217
  2.098033   3.826075   3.724960   1.292492   0.517356   3.300637   0.000011   1.622982   3.826075   3.961738   0.944217   0.343218   3.295840   0.000025
  2.102434   3.829304   3.728021   1.303256   0.516280   3.300648   0.000000   1.630042   3.829304   3.958034   0.962717   0.346010   3.295926   0.000015
  2.105935   3.832509   3.733008   1.311805   0.514144   3.300656   0.000000   1.637049   3.832509   3.954357   0.981082   0.348782   3.296011   0.000004
  2.109410   3.835691   3.737959   1.320291   0.512023   3.300664   0.000000   1.642113   3.835691   3.957198   0.992310   0.348033   3.296089   0.000000
  2.112860   3.838849   3.742874   1.328715   0.509918   3.300672   0.000000   1.645757   3.838849   3.964764   0.998337   0.344729   3.296161   0.000000
  2.116284   3.841985   3.747754   1.337079   0.507829   3.300680   0.000000   1.649374   3.841985   3.972276   1.004320   0.341449   3.296232   0.000000
