    3.474000    -1.676420    -1.811277    -1.467493
    3.481429    -1.585589    -1.739526    -1.448907
    3.488857    -1.463866    -1.613539    -1.349068
    3.496286    -1.385238    -1.476889    -1.301941
    3.503714    -1.312521    -1.396442    -1.226868
    3.511143    -1.221900    -1.313391    -1.007783
    3.518571    -1.035744    -1.185684    -0.930847
    3.526000    -1.000743    -1.140816    -0.935661
    3.533429    -0.983724    -1.047773    -0.932862
    3.540857    -0.970464    -1.020339    -0.858361
    3.548286    -0.884206    -0.985340    -0.761550
    3.555714    -0.812505    -0.974599    -0.699853
    3.563143    -0.774013    -0.954860    -0.690788
    3.570571    -0.777491    -0.969035    -0.573783
    3.578000    -0.774071    -1.073125    -0.487166
    3.585429    -0.763986    -1.224586    -0.454253
#    3.600286    -0.474338    -0.910261     0.000000
#    3.607714    -0.472985    -0.864727     0.000000
#    3.615143    -0.755028    -1.028933     0.000000
