    3.474000    -1.449342    -1.634357    -1.289034
    3.480325    -1.396227    -1.565551    -1.279022
    3.486650    -1.371341    -1.476536    -1.252427
    3.492975    -1.322299    -1.435644    -1.202043
    3.499300    -1.285560    -1.383047    -1.133142
    3.505625    -1.233053    -1.347153    -1.070177
    3.511950    -1.159793    -1.290472    -1.003023
    3.518275    -1.074290    -1.227147    -0.975103
    3.524600    -1.002017    -1.151548    -0.937964
    3.530925    -0.974231    -1.051064    -0.890688
    3.537250    -0.937908    -0.997579    -0.829117
    3.543575    -0.879692    -0.972672    -0.768258
    3.549900    -0.817684    -0.941664    -0.702981
    3.556225    -0.764851    -0.875621    -0.605211
    3.562550    -0.713255    -0.830629    -0.551853
    3.568875    -0.659140    -0.781851    -0.505251
    3.575200    -0.586081    -0.758057    -0.460632
    3.581525    -0.544400    -0.730419    -0.426273
    3.587850    -0.497765    -0.699124    -0.393916
    3.594175    -0.465431    -0.661326    -0.335823
    3.600500    -0.430328    -0.601299    -0.252393
    3.606825    -0.359773    -0.571409    -0.137475
    3.613150    -0.267666    -0.490557    -0.092440
    3.619475    -0.190493    -0.431139    -0.045621
    3.625800    -0.133207    -0.314746     0.045995
    3.632125    -0.114502    -0.253743     0.092237
    3.638450    -0.079644    -0.222060     0.124517
    3.644775    -0.003467    -0.168882     0.151734
    3.651100     0.057656    -0.132896     0.193657
    3.657425     0.107575    -0.115837     0.213863
    3.663750     0.127935    -0.059151     0.233148
    3.670075     0.144348     0.001564     0.253924
    3.676400     0.163128     0.024102     0.328532
    3.682725     0.194315     0.040854     0.387652
    3.689050     0.214539     0.049622     0.410655
    3.695375     0.237952     0.060093     0.421567
    3.701700     0.262965     0.077375     0.436016
    3.708025     0.295895     0.084483     0.463679
    3.714350     0.317174     0.098938     0.469098
    3.720675     0.331488     0.133817     0.484972
    3.727000     0.344019     0.188877     0.499667
    3.733325     0.361076     0.209106     0.521863
    3.739650     0.378442     0.235430     0.556069
    3.745975     0.392713     0.261478     0.581750
    3.752300     0.407415     0.279448     0.618681
    3.758625     0.430471     0.296653     0.653069
    3.764950     0.470756     0.313331     0.684747
    3.771275     0.523154     0.325347     0.704807
    3.777600     0.568767     0.348876     0.724722
    3.783925     0.604983     0.379955     0.750041
    3.790250     0.637722     0.416866     0.784209
    3.796575     0.666320     0.485280     0.824418
    3.802900     0.688431     0.547503     0.851519
    3.809225     0.701334     0.581101     0.859948
    3.815550     0.705465     0.589171     0.859849
    3.821875     0.715175     0.598766     0.885996
    3.828200     0.731365     0.608044     0.911249
    3.834525     0.752510     0.619231     0.955703
    3.840850     0.778035     0.627963     1.003452
    3.847175     0.830382     0.635599     1.056565
    3.853500     0.916324     0.656225     1.120990
    3.859825     0.981150     0.705149     1.191895
    3.866150     1.016538     0.825350     1.257491
    3.872475     1.034611     0.890656     1.286501
    3.878800     1.053460     0.902262     1.303142
    3.885125     1.070529     0.905767     1.321765
    3.891450     1.090109     0.913459     1.342243
    3.897775     1.114267     0.912526     1.382179
    3.904100     1.141697     0.928674     1.423426
    3.910425     1.167005     0.959198     1.429437
    3.916750     1.191964     0.988611     1.436433
    3.923075     1.214091     1.018232     1.428851
    3.929400     1.240039     1.039708     1.439367
    3.935725     1.271271     1.072084     1.447302
    3.942050     1.297729     1.085841     1.454519
    3.948375     1.318788     1.121527     1.467910
    3.954700     1.336387     1.158870     1.480189
    3.961025     1.351643     1.183544     1.499506
    3.967350     1.364457     1.215820     1.513136
    3.973675     1.373840     1.234768     1.521891
    3.980000     1.378679     1.245671     1.527692
    3.986325     1.383129     1.246736     1.540528
    3.992650     1.384134     1.242292     1.551172
    3.998975     1.385408     1.239367     1.560900
    4.005300     1.385021     1.229461     1.570120
