[PZ99] J155548.7-251223     6783-2045-1     G3              6.56  0.85     0.70  0.17        3.756        0.38  0.13        11           12           18           12                (1)
[PZ99] J161618.0-233947     6793-1406-1     G7              7.17  0.81     0.73  0.06        3.742        0.34  0.10          9           10           16             9                (1)
[PZ99] J160843.4-260216     6784-39-1         G7              7.39  0.66     0.65  0.09        3.742        0.36  0.09          9           10           15             9                (1)
[PZ99] J161459.2-275023     6801-186-1       G5              7.66  0.92     0.73  0.31        3.750        0.08  0.16        23           23           30           21                (1)
[PZ99] J160040.6-220032     6212-1183-1     G9              6.36  1.06     0.65  0.17        3.728        0.27  0.16          8             9           15             7                (1)
[PZ99] J160000.7-250941     6783-1747-1     G0              6.86  0.65     0.36  0.19        3.774        0.19  0.11        24           24 9 22                (1)
[PZ99] J160158.2-200811     6208-1543-1     G5              6.31  0.77     1.22  0.25        3.750        0.65  0.15          5             6           10             5                (1)
[PZ99] J155812.7-232835     6779-780-1       G2              6.60  0.77     0.86  0.18        3.762        0.49  0.12        10           10           16           10                (1)
[PZ99] J161731.4-230334     6793-501-1       G0              5.37  0.78     0.72  0.15        3.774        0.71  0.14          8             8           12             8                (1)
[PZ99] J161318.6-221248     6213-306-1       G9              6.90  0.75     1.16  0.16        3.728        0.60  0.12          4             4             7             4                (1)
HIP 78483                              6787-1367-1     G2IV          6.46  0.61     0.22  0.12        3.762        0.64  0.10          7             8           12             7                (2)
HIP 78581                              7329-1646-1     G1V           9.26  0.75     0.04  0.06        3.769        0.38  0.08        15           15           20           15                (3)
HIP 79252                              6213-75-1         G7IV(e)     8.94  0.86     0.64  0.23        3.742        0.45  0.12          7             8           13             7                (2)
HIP 79462                              6793-1271-1     G2V           7.03  0.61     0.45  0.15        3.762        0.70  0.10          6             7           10             7                (4)
HIP 80320                              6806-833-1       G3IV          7.97  0.63     0.00  0.04        3.756        0.42  0.07        10           11           17           11                (2)
HIP 80535                              6802-183-1       G0V           7.59  0.64     0.00  0.02        3.774        0.71  0.07          8             8           12             8                (3)