    3.728000     0.402253     0.000000     0.678014
    3.740000     0.419759     0.208428     0.651593
    3.752000     0.447669     0.271164     0.665430
    3.764000     0.510674     0.296056     0.715053
    3.776000     0.606190     0.329592     0.763018
    3.788000     0.641465     0.360131     0.806588
    3.800000     0.665653     0.424251     0.886286
    3.812000     0.703569     0.567516     0.901883
    3.824000     0.722503     0.599344     0.901211
    3.836000     0.739002     0.605311     0.949314
    3.848000     0.873221     0.585919     1.166486
    3.860000     1.020452     0.817373     1.305871
    3.872000     1.042707     0.889788     1.305625
    3.884000     1.063515     0.877629     1.350166
    3.896000     1.111154     0.870671     1.412601
    3.908000     1.153608     0.901893     1.611104
    3.920000     1.184748     0.969783     1.498537
    3.932000     1.241601     1.020747     1.478013
    3.944000     1.303765     1.060647     1.490385
    3.956000     1.350001     1.128241     1.532496
    3.968000     1.371213     1.207908     1.545993
    3.980000     1.381008     1.226785     1.562138
    3.992000     1.384249     1.225987     1.573699
    4.004000     1.384712     1.220304     1.585545
    4.016000     1.386240     1.221652     1.590744
