76310                  A0V                             0.14  0.03                  8.22  0.62                  3.980  0.031                  1.271  0.070                         1
77545                  A2/3V                         1.25  0.04                  6.83  0.62                  3.937  0.014                  1.053  0.081                          2
77815                  A5V                             0.85  0.07                  6.89  0.58                  3.907  0.007                  1.195  0.077                          277960                  A4IV/V0.75  0.02                  8.56  0.71                  3.918  0.012                  0.973  0.093                          2
78099                  A0V                             0.59  0.03                  7.42  0.59                  3.980  0.031                  1.367  0.073                          2
78196                  A0V                             0.00  0.04                  8.45  0.63                  3.980  0.031                  1.302  0.070                          3
78494                  A2mA7-F2                  0.75  0.06                  7.26  0.57                  3.943  0.016                  1.395  0.077                          2
78809                  A1Vnn                         0.21  0.05                  7.29  0.57                  3.964  0.019                  1.244  0.071                          1
78847                  A0V                             0.63  0.06                  6.76  0.55                  3.980  0.031                  1.445  0.078                          1
78963                  A9V                             0.64  0.06                  5.11  0.46                  3.872  0.010                  1.314  0.084                          3
78996                  A9V                             0.47  0.03                  7.25  0.57                  3.872  0.010                  1.019  0.069                          2
79124                  A0V                             0.78  0.05                  6.51  0.53                  3.980  0.031                  1.550  0.078                          2
79156                  A0V                             0.60  0.07                  6.43  0.54                  3.980  0.031                  1.366  0.081                          1
79250                  A3III/IV                      0.33  0.05                  9.60  0.75                  3.932  0.012                  0.963  0.072                          2
79366                  A3V                             0.80  0.02                  7.35  0.60                  3.932  0.012                  1.202  0.071                          2
79392                  A2IV                            0.71  0.04                  5.81  0.49                  3.943  0.016                  1.300  0.076                          2
79476                  A8IVe                          1.02  0.40                  7.56  0.61                  3.875  0.010                  1.006  0.175                          4
79733                  A1mA9-F2                  1.25  0.04                  4.51  0.43                  3.964  0.019                  1.480  0.092                          3
79860                  A0V                             0.38  0.03                  4.91  0.40                  3.980  0.031                  1.432  0.075                          3
79878                  A0V                             0.00  0.02                  7.35  0.55                  3.980  0.031                  1.407  0.070                          5
79987                  A7V                             1.69  0.18                  3.84  0.40                  3.892  0.014                  1.308  0.116                          6
80019                  A0V                             1.03  0.07                  7.81  0.68                  3.980  0.031                  1.374  0.084                          1
80059                  A7III/IV                      0.56  0.07                  7.74  0.64                  3.892  0.014                  0.907  0.075                          2
80088                  A9V                             0.61  0.03                  6.11  0.66                  3.872  0.010                  0.960  0.095                          2
80130                  A9V                             0.66  0.02                  6.41  0.57                  3.872  0.010                  1.089  0.077                          2
80196                  A1Vn                           2.36  0.18                  5.94  0.56                  3.964  0.019                  1.602  0.102                          6
80238                  A2.5V                          0.74  0.09                  8.00  0.68                  3.937  0.014                  1.389  0.081                          7
80311                  A1V                             0.93  0.05                  5.51  0.49                  3.964  0.019                  1.266  0.080                          6
80425                  A1V                             1.52  0.17                  7.25  0.64                  3.964  0.019                  1.392  0.096                          6
80799                  A3V                             0.25  0.04                  7.97  0.62                  3.932  0.012                  1.078  0.068                          6
81624                  A3	2.56  0.78                  5.08  0.48                  3.932  0.012                  2.003  0.316                          8
82397                  A3V                             0.00  0.03                  7.85  0.62                  3.932  0.012                  1.118  0.072                          3